{
 "cells": [
  {
   "cell_type": "markdown",
   "id": "2e72e4a6",
   "metadata": {},
   "source": [
    "- Study the correlation between features and find the features subset with the highest correlation with the target column, and try to explain from the business point of view why they have such a big correlation.\n",
    "- Please comment on your code."
   ]
  },
  {
   "cell_type": "code",
   "execution_count": 2,
   "id": "f0a38d1f",
   "metadata": {},
   "outputs": [],
   "source": [
    "# import library\n",
    "import numpy as np\n",
    "import pandas as pd\n",
    "# from sklearn import sklearn\n",
    "import sklearn as sk\n",
    "\n",
    "# library for corelation show\n",
    "import seaborn as sns\n",
    "# library for training\n",
    "from sklearn.model_selection import train_test_split \n",
    "from sklearn.metrics import mean_squared_error, mean_absolute_error \n",
    "from sklearn.linear_model import LinearRegression\n"
   ]
  },
  {
   "cell_type": "code",
   "execution_count": 3,
   "id": "0a0dc9c0",
   "metadata": {},
   "outputs": [
    {
     "data": {
      "text/html": [
       "<div>\n",
       "<style scoped>\n",
       "    .dataframe tbody tr th:only-of-type {\n",
       "        vertical-align: middle;\n",
       "    }\n",
       "\n",
       "    .dataframe tbody tr th {\n",
       "        vertical-align: top;\n",
       "    }\n",
       "\n",
       "    .dataframe thead th {\n",
       "        text-align: right;\n",
       "    }\n",
       "</style>\n",
       "<table border=\"1\" class=\"dataframe\">\n",
       "  <thead>\n",
       "    <tr style=\"text-align: right;\">\n",
       "      <th></th>\n",
       "      <th>CRIM</th>\n",
       "      <th>ZN</th>\n",
       "      <th>INDUS</th>\n",
       "      <th>CHAS</th>\n",
       "      <th>NOX</th>\n",
       "      <th>RM</th>\n",
       "      <th>AGE</th>\n",
       "      <th>DIS</th>\n",
       "      <th>RAD</th>\n",
       "      <th>TAX</th>\n",
       "      <th>PTRATIO</th>\n",
       "      <th>B</th>\n",
       "      <th>LSTAT</th>\n",
       "      <th>MEDV</th>\n",
       "    </tr>\n",
       "  </thead>\n",
       "  <tbody>\n",
       "    <tr>\n",
       "      <th>0</th>\n",
       "      <td>0.00632</td>\n",
       "      <td>18.0</td>\n",
       "      <td>2.31</td>\n",
       "      <td>0.0</td>\n",
       "      <td>0.538</td>\n",
       "      <td>6.575</td>\n",
       "      <td>65.2</td>\n",
       "      <td>4.0900</td>\n",
       "      <td>1</td>\n",
       "      <td>296</td>\n",
       "      <td>15.3</td>\n",
       "      <td>396.90</td>\n",
       "      <td>4.98</td>\n",
       "      <td>24.0</td>\n",
       "    </tr>\n",
       "    <tr>\n",
       "      <th>1</th>\n",
       "      <td>0.02731</td>\n",
       "      <td>0.0</td>\n",
       "      <td>7.07</td>\n",
       "      <td>0.0</td>\n",
       "      <td>0.469</td>\n",
       "      <td>6.421</td>\n",
       "      <td>78.9</td>\n",
       "      <td>4.9671</td>\n",
       "      <td>2</td>\n",
       "      <td>242</td>\n",
       "      <td>17.8</td>\n",
       "      <td>396.90</td>\n",
       "      <td>9.14</td>\n",
       "      <td>21.6</td>\n",
       "    </tr>\n",
       "    <tr>\n",
       "      <th>2</th>\n",
       "      <td>0.02729</td>\n",
       "      <td>0.0</td>\n",
       "      <td>7.07</td>\n",
       "      <td>0.0</td>\n",
       "      <td>0.469</td>\n",
       "      <td>7.185</td>\n",
       "      <td>61.1</td>\n",
       "      <td>4.9671</td>\n",
       "      <td>2</td>\n",
       "      <td>242</td>\n",
       "      <td>17.8</td>\n",
       "      <td>392.83</td>\n",
       "      <td>4.03</td>\n",
       "      <td>34.7</td>\n",
       "    </tr>\n",
       "    <tr>\n",
       "      <th>3</th>\n",
       "      <td>0.03237</td>\n",
       "      <td>0.0</td>\n",
       "      <td>2.18</td>\n",
       "      <td>0.0</td>\n",
       "      <td>0.458</td>\n",
       "      <td>6.998</td>\n",
       "      <td>45.8</td>\n",
       "      <td>6.0622</td>\n",
       "      <td>3</td>\n",
       "      <td>222</td>\n",
       "      <td>18.7</td>\n",
       "      <td>394.63</td>\n",
       "      <td>2.94</td>\n",
       "      <td>33.4</td>\n",
       "    </tr>\n",
       "    <tr>\n",
       "      <th>4</th>\n",
       "      <td>0.06905</td>\n",
       "      <td>0.0</td>\n",
       "      <td>2.18</td>\n",
       "      <td>0.0</td>\n",
       "      <td>0.458</td>\n",
       "      <td>7.147</td>\n",
       "      <td>54.2</td>\n",
       "      <td>6.0622</td>\n",
       "      <td>3</td>\n",
       "      <td>222</td>\n",
       "      <td>18.7</td>\n",
       "      <td>396.90</td>\n",
       "      <td>NaN</td>\n",
       "      <td>36.2</td>\n",
       "    </tr>\n",
       "    <tr>\n",
       "      <th>5</th>\n",
       "      <td>0.02985</td>\n",
       "      <td>0.0</td>\n",
       "      <td>2.18</td>\n",
       "      <td>0.0</td>\n",
       "      <td>0.458</td>\n",
       "      <td>6.430</td>\n",
       "      <td>58.7</td>\n",
       "      <td>6.0622</td>\n",
       "      <td>3</td>\n",
       "      <td>222</td>\n",
       "      <td>18.7</td>\n",
       "      <td>394.12</td>\n",
       "      <td>5.21</td>\n",
       "      <td>28.7</td>\n",
       "    </tr>\n",
       "    <tr>\n",
       "      <th>6</th>\n",
       "      <td>0.08829</td>\n",
       "      <td>12.5</td>\n",
       "      <td>7.87</td>\n",
       "      <td>NaN</td>\n",
       "      <td>0.524</td>\n",
       "      <td>6.012</td>\n",
       "      <td>66.6</td>\n",
       "      <td>5.5605</td>\n",
       "      <td>5</td>\n",
       "      <td>311</td>\n",
       "      <td>15.2</td>\n",
       "      <td>395.60</td>\n",
       "      <td>12.43</td>\n",
       "      <td>22.9</td>\n",
       "    </tr>\n",
       "    <tr>\n",
       "      <th>7</th>\n",
       "      <td>0.14455</td>\n",
       "      <td>12.5</td>\n",
       "      <td>7.87</td>\n",
       "      <td>0.0</td>\n",
       "      <td>0.524</td>\n",
       "      <td>6.172</td>\n",
       "      <td>96.1</td>\n",
       "      <td>5.9505</td>\n",
       "      <td>5</td>\n",
       "      <td>311</td>\n",
       "      <td>15.2</td>\n",
       "      <td>396.90</td>\n",
       "      <td>19.15</td>\n",
       "      <td>27.1</td>\n",
       "    </tr>\n",
       "    <tr>\n",
       "      <th>8</th>\n",
       "      <td>0.21124</td>\n",
       "      <td>12.5</td>\n",
       "      <td>7.87</td>\n",
       "      <td>0.0</td>\n",
       "      <td>0.524</td>\n",
       "      <td>5.631</td>\n",
       "      <td>100.0</td>\n",
       "      <td>6.0821</td>\n",
       "      <td>5</td>\n",
       "      <td>311</td>\n",
       "      <td>15.2</td>\n",
       "      <td>386.63</td>\n",
       "      <td>29.93</td>\n",
       "      <td>16.5</td>\n",
       "    </tr>\n",
       "    <tr>\n",
       "      <th>9</th>\n",
       "      <td>0.17004</td>\n",
       "      <td>12.5</td>\n",
       "      <td>7.87</td>\n",
       "      <td>NaN</td>\n",
       "      <td>0.524</td>\n",
       "      <td>6.004</td>\n",
       "      <td>85.9</td>\n",
       "      <td>6.5921</td>\n",
       "      <td>5</td>\n",
       "      <td>311</td>\n",
       "      <td>15.2</td>\n",
       "      <td>386.71</td>\n",
       "      <td>17.10</td>\n",
       "      <td>18.9</td>\n",
       "    </tr>\n",
       "  </tbody>\n",
       "</table>\n",
       "</div>"
      ],
      "text/plain": [
       "      CRIM    ZN  INDUS  CHAS    NOX     RM    AGE     DIS  RAD  TAX  PTRATIO  \\\n",
       "0  0.00632  18.0   2.31   0.0  0.538  6.575   65.2  4.0900    1  296     15.3   \n",
       "1  0.02731   0.0   7.07   0.0  0.469  6.421   78.9  4.9671    2  242     17.8   \n",
       "2  0.02729   0.0   7.07   0.0  0.469  7.185   61.1  4.9671    2  242     17.8   \n",
       "3  0.03237   0.0   2.18   0.0  0.458  6.998   45.8  6.0622    3  222     18.7   \n",
       "4  0.06905   0.0   2.18   0.0  0.458  7.147   54.2  6.0622    3  222     18.7   \n",
       "5  0.02985   0.0   2.18   0.0  0.458  6.430   58.7  6.0622    3  222     18.7   \n",
       "6  0.08829  12.5   7.87   NaN  0.524  6.012   66.6  5.5605    5  311     15.2   \n",
       "7  0.14455  12.5   7.87   0.0  0.524  6.172   96.1  5.9505    5  311     15.2   \n",
       "8  0.21124  12.5   7.87   0.0  0.524  5.631  100.0  6.0821    5  311     15.2   \n",
       "9  0.17004  12.5   7.87   NaN  0.524  6.004   85.9  6.5921    5  311     15.2   \n",
       "\n",
       "        B  LSTAT  MEDV  \n",
       "0  396.90   4.98  24.0  \n",
       "1  396.90   9.14  21.6  \n",
       "2  392.83   4.03  34.7  \n",
       "3  394.63   2.94  33.4  \n",
       "4  396.90    NaN  36.2  \n",
       "5  394.12   5.21  28.7  \n",
       "6  395.60  12.43  22.9  \n",
       "7  396.90  19.15  27.1  \n",
       "8  386.63  29.93  16.5  \n",
       "9  386.71  17.10  18.9  "
      ]
     },
     "execution_count": 3,
     "metadata": {},
     "output_type": "execute_result"
    }
   ],
   "source": [
    "# import our data set\n",
    "df = pd.read_csv('HousingData.csv')\n",
    "df.head(10)"
   ]
  },
  {
   "cell_type": "markdown",
   "id": "8cffcdb8",
   "metadata": {},
   "source": [
    "- Create a second set of data with the columns that have an absolute correlation between 0.5 and 0.8 with the target column."
   ]
  },
  {
   "cell_type": "code",
   "execution_count": 4,
   "id": "3438e9a7",
   "metadata": {
    "scrolled": true
   },
   "outputs": [
    {
     "data": {
      "text/html": [
       "<div>\n",
       "<style scoped>\n",
       "    .dataframe tbody tr th:only-of-type {\n",
       "        vertical-align: middle;\n",
       "    }\n",
       "\n",
       "    .dataframe tbody tr th {\n",
       "        vertical-align: top;\n",
       "    }\n",
       "\n",
       "    .dataframe thead th {\n",
       "        text-align: right;\n",
       "    }\n",
       "</style>\n",
       "<table border=\"1\" class=\"dataframe\">\n",
       "  <thead>\n",
       "    <tr style=\"text-align: right;\">\n",
       "      <th></th>\n",
       "      <th>CRIM</th>\n",
       "      <th>ZN</th>\n",
       "      <th>INDUS</th>\n",
       "      <th>CHAS</th>\n",
       "      <th>NOX</th>\n",
       "      <th>RM</th>\n",
       "      <th>AGE</th>\n",
       "      <th>DIS</th>\n",
       "      <th>RAD</th>\n",
       "      <th>TAX</th>\n",
       "      <th>PTRATIO</th>\n",
       "      <th>B</th>\n",
       "      <th>LSTAT</th>\n",
       "      <th>MEDV</th>\n",
       "    </tr>\n",
       "  </thead>\n",
       "  <tbody>\n",
       "    <tr>\n",
       "      <th>CRIM</th>\n",
       "      <td>1.000000</td>\n",
       "      <td>-0.191178</td>\n",
       "      <td>0.401863</td>\n",
       "      <td>-0.054355</td>\n",
       "      <td>0.417130</td>\n",
       "      <td>-0.219150</td>\n",
       "      <td>0.354342</td>\n",
       "      <td>-0.374166</td>\n",
       "      <td>0.624765</td>\n",
       "      <td>0.580595</td>\n",
       "      <td>0.281110</td>\n",
       "      <td>-0.381411</td>\n",
       "      <td>0.444943</td>\n",
       "      <td>-0.391363</td>\n",
       "    </tr>\n",
       "    <tr>\n",
       "      <th>ZN</th>\n",
       "      <td>-0.191178</td>\n",
       "      <td>1.000000</td>\n",
       "      <td>-0.531871</td>\n",
       "      <td>-0.037229</td>\n",
       "      <td>-0.513704</td>\n",
       "      <td>0.320800</td>\n",
       "      <td>-0.563801</td>\n",
       "      <td>0.656739</td>\n",
       "      <td>-0.310919</td>\n",
       "      <td>-0.312371</td>\n",
       "      <td>-0.414046</td>\n",
       "      <td>0.171303</td>\n",
       "      <td>-0.414193</td>\n",
       "      <td>0.373136</td>\n",
       "    </tr>\n",
       "    <tr>\n",
       "      <th>INDUS</th>\n",
       "      <td>0.401863</td>\n",
       "      <td>-0.531871</td>\n",
       "      <td>1.000000</td>\n",
       "      <td>0.059859</td>\n",
       "      <td>0.764866</td>\n",
       "      <td>-0.390234</td>\n",
       "      <td>0.638431</td>\n",
       "      <td>-0.711709</td>\n",
       "      <td>0.604533</td>\n",
       "      <td>0.731055</td>\n",
       "      <td>0.390954</td>\n",
       "      <td>-0.360532</td>\n",
       "      <td>0.590690</td>\n",
       "      <td>-0.481772</td>\n",
       "    </tr>\n",
       "    <tr>\n",
       "      <th>CHAS</th>\n",
       "      <td>-0.054355</td>\n",
       "      <td>-0.037229</td>\n",
       "      <td>0.059859</td>\n",
       "      <td>1.000000</td>\n",
       "      <td>0.075097</td>\n",
       "      <td>0.104885</td>\n",
       "      <td>0.078831</td>\n",
       "      <td>-0.093971</td>\n",
       "      <td>0.001468</td>\n",
       "      <td>-0.032304</td>\n",
       "      <td>-0.111304</td>\n",
       "      <td>0.051264</td>\n",
       "      <td>-0.047424</td>\n",
       "      <td>0.181391</td>\n",
       "    </tr>\n",
       "    <tr>\n",
       "      <th>NOX</th>\n",
       "      <td>0.417130</td>\n",
       "      <td>-0.513704</td>\n",
       "      <td>0.764866</td>\n",
       "      <td>0.075097</td>\n",
       "      <td>1.000000</td>\n",
       "      <td>-0.302188</td>\n",
       "      <td>0.731548</td>\n",
       "      <td>-0.769230</td>\n",
       "      <td>0.611441</td>\n",
       "      <td>0.668023</td>\n",
       "      <td>0.188933</td>\n",
       "      <td>-0.380051</td>\n",
       "      <td>0.582641</td>\n",
       "      <td>-0.427321</td>\n",
       "    </tr>\n",
       "    <tr>\n",
       "      <th>RM</th>\n",
       "      <td>-0.219150</td>\n",
       "      <td>0.320800</td>\n",
       "      <td>-0.390234</td>\n",
       "      <td>0.104885</td>\n",
       "      <td>-0.302188</td>\n",
       "      <td>1.000000</td>\n",
       "      <td>-0.247337</td>\n",
       "      <td>0.205246</td>\n",
       "      <td>-0.209847</td>\n",
       "      <td>-0.292048</td>\n",
       "      <td>-0.355501</td>\n",
       "      <td>0.128069</td>\n",
       "      <td>-0.614339</td>\n",
       "      <td>0.695360</td>\n",
       "    </tr>\n",
       "    <tr>\n",
       "      <th>AGE</th>\n",
       "      <td>0.354342</td>\n",
       "      <td>-0.563801</td>\n",
       "      <td>0.638431</td>\n",
       "      <td>0.078831</td>\n",
       "      <td>0.731548</td>\n",
       "      <td>-0.247337</td>\n",
       "      <td>1.000000</td>\n",
       "      <td>-0.744844</td>\n",
       "      <td>0.458349</td>\n",
       "      <td>0.509114</td>\n",
       "      <td>0.269226</td>\n",
       "      <td>-0.275303</td>\n",
       "      <td>0.602891</td>\n",
       "      <td>-0.394656</td>\n",
       "    </tr>\n",
       "    <tr>\n",
       "      <th>DIS</th>\n",
       "      <td>-0.374166</td>\n",
       "      <td>0.656739</td>\n",
       "      <td>-0.711709</td>\n",
       "      <td>-0.093971</td>\n",
       "      <td>-0.769230</td>\n",
       "      <td>0.205246</td>\n",
       "      <td>-0.744844</td>\n",
       "      <td>1.000000</td>\n",
       "      <td>-0.494588</td>\n",
       "      <td>-0.534432</td>\n",
       "      <td>-0.232471</td>\n",
       "      <td>0.291512</td>\n",
       "      <td>-0.493328</td>\n",
       "      <td>0.249929</td>\n",
       "    </tr>\n",
       "    <tr>\n",
       "      <th>RAD</th>\n",
       "      <td>0.624765</td>\n",
       "      <td>-0.310919</td>\n",
       "      <td>0.604533</td>\n",
       "      <td>0.001468</td>\n",
       "      <td>0.611441</td>\n",
       "      <td>-0.209847</td>\n",
       "      <td>0.458349</td>\n",
       "      <td>-0.494588</td>\n",
       "      <td>1.000000</td>\n",
       "      <td>0.910228</td>\n",
       "      <td>0.464741</td>\n",
       "      <td>-0.444413</td>\n",
       "      <td>0.479541</td>\n",
       "      <td>-0.381626</td>\n",
       "    </tr>\n",
       "    <tr>\n",
       "      <th>TAX</th>\n",
       "      <td>0.580595</td>\n",
       "      <td>-0.312371</td>\n",
       "      <td>0.731055</td>\n",
       "      <td>-0.032304</td>\n",
       "      <td>0.668023</td>\n",
       "      <td>-0.292048</td>\n",
       "      <td>0.509114</td>\n",
       "      <td>-0.534432</td>\n",
       "      <td>0.910228</td>\n",
       "      <td>1.000000</td>\n",
       "      <td>0.460853</td>\n",
       "      <td>-0.441808</td>\n",
       "      <td>0.536110</td>\n",
       "      <td>-0.468536</td>\n",
       "    </tr>\n",
       "    <tr>\n",
       "      <th>PTRATIO</th>\n",
       "      <td>0.281110</td>\n",
       "      <td>-0.414046</td>\n",
       "      <td>0.390954</td>\n",
       "      <td>-0.111304</td>\n",
       "      <td>0.188933</td>\n",
       "      <td>-0.355501</td>\n",
       "      <td>0.269226</td>\n",
       "      <td>-0.232471</td>\n",
       "      <td>0.464741</td>\n",
       "      <td>0.460853</td>\n",
       "      <td>1.000000</td>\n",
       "      <td>-0.177383</td>\n",
       "      <td>0.375966</td>\n",
       "      <td>-0.507787</td>\n",
       "    </tr>\n",
       "    <tr>\n",
       "      <th>B</th>\n",
       "      <td>-0.381411</td>\n",
       "      <td>0.171303</td>\n",
       "      <td>-0.360532</td>\n",
       "      <td>0.051264</td>\n",
       "      <td>-0.380051</td>\n",
       "      <td>0.128069</td>\n",
       "      <td>-0.275303</td>\n",
       "      <td>0.291512</td>\n",
       "      <td>-0.444413</td>\n",
       "      <td>-0.441808</td>\n",
       "      <td>-0.177383</td>\n",
       "      <td>1.000000</td>\n",
       "      <td>-0.369889</td>\n",
       "      <td>0.333461</td>\n",
       "    </tr>\n",
       "    <tr>\n",
       "      <th>LSTAT</th>\n",
       "      <td>0.444943</td>\n",
       "      <td>-0.414193</td>\n",
       "      <td>0.590690</td>\n",
       "      <td>-0.047424</td>\n",
       "      <td>0.582641</td>\n",
       "      <td>-0.614339</td>\n",
       "      <td>0.602891</td>\n",
       "      <td>-0.493328</td>\n",
       "      <td>0.479541</td>\n",
       "      <td>0.536110</td>\n",
       "      <td>0.375966</td>\n",
       "      <td>-0.369889</td>\n",
       "      <td>1.000000</td>\n",
       "      <td>-0.735822</td>\n",
       "    </tr>\n",
       "    <tr>\n",
       "      <th>MEDV</th>\n",
       "      <td>-0.391363</td>\n",
       "      <td>0.373136</td>\n",
       "      <td>-0.481772</td>\n",
       "      <td>0.181391</td>\n",
       "      <td>-0.427321</td>\n",
       "      <td>0.695360</td>\n",
       "      <td>-0.394656</td>\n",
       "      <td>0.249929</td>\n",
       "      <td>-0.381626</td>\n",
       "      <td>-0.468536</td>\n",
       "      <td>-0.507787</td>\n",
       "      <td>0.333461</td>\n",
       "      <td>-0.735822</td>\n",
       "      <td>1.000000</td>\n",
       "    </tr>\n",
       "  </tbody>\n",
       "</table>\n",
       "</div>"
      ],
      "text/plain": [
       "             CRIM        ZN     INDUS      CHAS       NOX        RM       AGE  \\\n",
       "CRIM     1.000000 -0.191178  0.401863 -0.054355  0.417130 -0.219150  0.354342   \n",
       "ZN      -0.191178  1.000000 -0.531871 -0.037229 -0.513704  0.320800 -0.563801   \n",
       "INDUS    0.401863 -0.531871  1.000000  0.059859  0.764866 -0.390234  0.638431   \n",
       "CHAS    -0.054355 -0.037229  0.059859  1.000000  0.075097  0.104885  0.078831   \n",
       "NOX      0.417130 -0.513704  0.764866  0.075097  1.000000 -0.302188  0.731548   \n",
       "RM      -0.219150  0.320800 -0.390234  0.104885 -0.302188  1.000000 -0.247337   \n",
       "AGE      0.354342 -0.563801  0.638431  0.078831  0.731548 -0.247337  1.000000   \n",
       "DIS     -0.374166  0.656739 -0.711709 -0.093971 -0.769230  0.205246 -0.744844   \n",
       "RAD      0.624765 -0.310919  0.604533  0.001468  0.611441 -0.209847  0.458349   \n",
       "TAX      0.580595 -0.312371  0.731055 -0.032304  0.668023 -0.292048  0.509114   \n",
       "PTRATIO  0.281110 -0.414046  0.390954 -0.111304  0.188933 -0.355501  0.269226   \n",
       "B       -0.381411  0.171303 -0.360532  0.051264 -0.380051  0.128069 -0.275303   \n",
       "LSTAT    0.444943 -0.414193  0.590690 -0.047424  0.582641 -0.614339  0.602891   \n",
       "MEDV    -0.391363  0.373136 -0.481772  0.181391 -0.427321  0.695360 -0.394656   \n",
       "\n",
       "              DIS       RAD       TAX   PTRATIO         B     LSTAT      MEDV  \n",
       "CRIM    -0.374166  0.624765  0.580595  0.281110 -0.381411  0.444943 -0.391363  \n",
       "ZN       0.656739 -0.310919 -0.312371 -0.414046  0.171303 -0.414193  0.373136  \n",
       "INDUS   -0.711709  0.604533  0.731055  0.390954 -0.360532  0.590690 -0.481772  \n",
       "CHAS    -0.093971  0.001468 -0.032304 -0.111304  0.051264 -0.047424  0.181391  \n",
       "NOX     -0.769230  0.611441  0.668023  0.188933 -0.380051  0.582641 -0.427321  \n",
       "RM       0.205246 -0.209847 -0.292048 -0.355501  0.128069 -0.614339  0.695360  \n",
       "AGE     -0.744844  0.458349  0.509114  0.269226 -0.275303  0.602891 -0.394656  \n",
       "DIS      1.000000 -0.494588 -0.534432 -0.232471  0.291512 -0.493328  0.249929  \n",
       "RAD     -0.494588  1.000000  0.910228  0.464741 -0.444413  0.479541 -0.381626  \n",
       "TAX     -0.534432  0.910228  1.000000  0.460853 -0.441808  0.536110 -0.468536  \n",
       "PTRATIO -0.232471  0.464741  0.460853  1.000000 -0.177383  0.375966 -0.507787  \n",
       "B        0.291512 -0.444413 -0.441808 -0.177383  1.000000 -0.369889  0.333461  \n",
       "LSTAT   -0.493328  0.479541  0.536110  0.375966 -0.369889  1.000000 -0.735822  \n",
       "MEDV     0.249929 -0.381626 -0.468536 -0.507787  0.333461 -0.735822  1.000000  "
      ]
     },
     "execution_count": 4,
     "metadata": {},
     "output_type": "execute_result"
    }
   ],
   "source": [
    "# correlation describes the relationship between variables\n",
    "# Pearson Correlation by default\n",
    "df_coreleation = df.corr() # de făcut de la 0.5 - 0.8\n",
    "\n",
    "df_coreleation"
   ]
  },
  {
   "cell_type": "code",
   "execution_count": 5,
   "id": "6f600737",
   "metadata": {},
   "outputs": [
    {
     "name": "stdout",
     "output_type": "stream",
     "text": [
      "Colomns > 0.5\n",
      "             CRIM        ZN     INDUS  CHAS       NOX       RM       AGE  \\\n",
      "CRIM     1.000000       NaN       NaN   NaN       NaN      NaN       NaN   \n",
      "ZN            NaN  1.000000       NaN   NaN       NaN      NaN       NaN   \n",
      "INDUS         NaN       NaN  1.000000   NaN  0.764866      NaN  0.638431   \n",
      "CHAS          NaN       NaN       NaN   1.0       NaN      NaN       NaN   \n",
      "NOX           NaN       NaN  0.764866   NaN  1.000000      NaN  0.731548   \n",
      "RM            NaN       NaN       NaN   NaN       NaN  1.00000       NaN   \n",
      "AGE           NaN       NaN  0.638431   NaN  0.731548      NaN  1.000000   \n",
      "DIS           NaN  0.656739       NaN   NaN       NaN      NaN       NaN   \n",
      "RAD      0.624765       NaN  0.604533   NaN  0.611441      NaN       NaN   \n",
      "TAX      0.580595       NaN  0.731055   NaN  0.668023      NaN  0.509114   \n",
      "PTRATIO       NaN       NaN       NaN   NaN       NaN      NaN       NaN   \n",
      "B             NaN       NaN       NaN   NaN       NaN      NaN       NaN   \n",
      "LSTAT         NaN       NaN  0.590690   NaN  0.582641      NaN  0.602891   \n",
      "MEDV          NaN       NaN       NaN   NaN       NaN  0.69536       NaN   \n",
      "\n",
      "              DIS       RAD       TAX  PTRATIO    B     LSTAT     MEDV  \n",
      "CRIM          NaN  0.624765  0.580595      NaN  NaN       NaN      NaN  \n",
      "ZN       0.656739       NaN       NaN      NaN  NaN       NaN      NaN  \n",
      "INDUS         NaN  0.604533  0.731055      NaN  NaN  0.590690      NaN  \n",
      "CHAS          NaN       NaN       NaN      NaN  NaN       NaN      NaN  \n",
      "NOX           NaN  0.611441  0.668023      NaN  NaN  0.582641      NaN  \n",
      "RM            NaN       NaN       NaN      NaN  NaN       NaN  0.69536  \n",
      "AGE           NaN       NaN  0.509114      NaN  NaN  0.602891      NaN  \n",
      "DIS      1.000000       NaN       NaN      NaN  NaN       NaN      NaN  \n",
      "RAD           NaN  1.000000  0.910228      NaN  NaN       NaN      NaN  \n",
      "TAX           NaN  0.910228  1.000000      NaN  NaN  0.536110      NaN  \n",
      "PTRATIO       NaN       NaN       NaN      1.0  NaN       NaN      NaN  \n",
      "B             NaN       NaN       NaN      NaN  1.0       NaN      NaN  \n",
      "LSTAT         NaN       NaN  0.536110      NaN  NaN  1.000000      NaN  \n",
      "MEDV          NaN       NaN       NaN      NaN  NaN       NaN  1.00000  \n"
     ]
    }
   ],
   "source": [
    "# select the values that are bigger than 0.5\n",
    "relevant_features_min = df_coreleation[df_coreleation > 0.5]  \n",
    "# relevant_features_max = cor_target[cor_target < 0.8]\n",
    "\n",
    "# relevant_features = df[(df['MEDV'] < 0.8) & (df['MEDV'] > 0.5)]\n",
    "# relevant_features\n",
    "print(\"Colomns > 0.5\")\n",
    "print(relevant_features_min)\n"
   ]
  },
  {
   "cell_type": "code",
   "execution_count": 21,
   "id": "c656832b",
   "metadata": {},
   "outputs": [
    {
     "name": "stdout",
     "output_type": "stream",
     "text": [
      "Colomns > 0.5\n",
      "RM         0.695360\n",
      "PTRATIO    0.507787\n",
      "LSTAT      0.735822\n",
      "MEDV       1.000000\n",
      "Name: MEDV, dtype: float64\n"
     ]
    }
   ],
   "source": [
    "cor = df.corr()\n",
    "cor_target = abs(cor[\"MEDV\"])\n",
    "\n",
    "# sns.heatmap(cor, annot = True, cmap = plt.cm.Reds)\n",
    "# plt.show()\n",
    "\n",
    "relevant_features = cor_target[cor_target > 0.5]\n",
    "\n",
    "# relevant_features\n",
    "print(\"Colomns > 0.5\")\n",
    "print(relevant_features)\n"
   ]
  },
  {
   "cell_type": "code",
   "execution_count": 7,
   "id": "80324b92",
   "metadata": {},
   "outputs": [],
   "source": [
    "# de facut linear regresion peste toate coloanele - adici de seleecat y - medv, iar x sa fie restul coloanelor\n",
    "# dupa care de caluclat eorare\n",
    "# de vazut care coloane sunt intre intervalurile dorite adica 0.5 - 0.8 si de separat aprte si de facat linaear regresion\n",
    "# dupa care de facut eroare\n",
    "# la final de comparat ce si cum\n",
    "# si dupa de facut concluzz"
   ]
  },
  {
   "cell_type": "code",
   "execution_count": 8,
   "id": "c1f1964a",
   "metadata": {},
   "outputs": [
    {
     "name": "stdout",
     "output_type": "stream",
     "text": [
      "            LSTAT   PTRATIO\n",
      "LSTAT    1.000000  0.375966\n",
      "PTRATIO  0.375966  1.000000\n",
      "             RM     LSTAT\n",
      "RM     1.000000 -0.614339\n",
      "LSTAT -0.614339  1.000000\n"
     ]
    }
   ],
   "source": [
    "print(df[[\"LSTAT\",\"PTRATIO\"]].corr())\n",
    "print(df[[\"RM\",\"LSTAT\"]].corr())"
   ]
  },
  {
   "cell_type": "markdown",
   "id": "cb7aee49",
   "metadata": {},
   "source": [
    "- Split the data into 2 sub-sets using the train_test_split function from sklearn."
   ]
  },
  {
   "cell_type": "code",
   "execution_count": 13,
   "id": "c4da9c45",
   "metadata": {},
   "outputs": [],
   "source": [
    "# exclude the Nan Values\n",
    "df_new = df[np.isfinite(df).all(1)]\n",
    "\n",
    "# create two subsets from all data sets\n",
    "X = df_new[['CRIM', 'ZN', 'INDUS', 'CHAS', 'NOX', 'RM', 'AGE', 'DIS', 'RAD', 'TAX', 'PTRATIO', 'B', 'LSTAT']]\n",
    "y = df_new[['MEDV']]"
   ]
  },
  {
   "cell_type": "markdown",
   "id": "97b4d80e",
   "metadata": {},
   "source": [
    "- Train a sklearn Linear Regression model on the data provided to you."
   ]
  },
  {
   "cell_type": "code",
   "execution_count": 14,
   "id": "48a4edd2",
   "metadata": {},
   "outputs": [
    {
     "data": {
      "text/plain": [
       "(32.192322378935785, 3.499648482184587)"
      ]
     },
     "execution_count": 14,
     "metadata": {},
     "output_type": "execute_result"
    }
   ],
   "source": [
    "X_train, X_test, y_train, y_test = train_test_split(X, y, test_size = 0.3)\n",
    "\n",
    "# Create an instance of the LinearRegression class from sklearn. \n",
    "lr = LinearRegression() \n",
    "    \n",
    "# Call the fit function, which applies the Linear Regression model # onto the data. \n",
    "lr.fit(X_train, y_train) \n",
    "    \n",
    "# Define a variable that stores the predictions of our model. \n",
    "y_pred = lr.predict(X_test) \n",
    "    \n",
    "# Print the mean squared error and mean absolute error to get an idea of \n",
    "# how well the model has done. \n",
    "mean_squared_error(y_pred, y_test), mean_absolute_error( y_pred, y_test) \n"
   ]
  },
  {
   "cell_type": "markdown",
   "id": "b4988a66",
   "metadata": {},
   "source": [
    "- Train a from-scratch implementation of Linear Regression on the train sub-set."
   ]
  },
  {
   "cell_type": "code",
   "execution_count": 15,
   "id": "c6ecf841",
   "metadata": {},
   "outputs": [
    {
     "name": "stdout",
     "output_type": "stream",
     "text": [
      "[32.99322336]\n",
      "[[-1.12990963e-01  4.49594371e-02  5.75447722e-02  1.18099414e+00\n",
      "  -1.72522169e+01  4.27138350e+00 -1.99977624e-02 -1.40633199e+00\n",
      "   2.77671705e-01 -1.68192666e-02 -8.96637094e-01  9.07231436e-03\n",
      "  -3.64600546e-01]]\n"
     ]
    }
   ],
   "source": [
    "# SEED = 42\n",
    "X_train, X_test, y_train, y_test = train_test_split(X, y, test_size = 0.3, random_state = 42)\n",
    "\n",
    "regressor = LinearRegression()\n",
    "\n",
    "regressor.fit(X_train, y_train)\n",
    "\n",
    "print(regressor.intercept_)\n",
    "\n",
    "print(regressor.coef_)\n",
    "\n",
    "# care sunt sub seturile pe care trebuie sa fac chestia data"
   ]
  },
  {
   "cell_type": "markdown",
   "id": "4091f591",
   "metadata": {},
   "source": [
    "- Test the models on the test sets from the initial set of data, for error metrics use the models score function for the sklearn model."
   ]
  },
  {
   "cell_type": "code",
   "execution_count": 16,
   "id": "68c2212b",
   "metadata": {},
   "outputs": [
    {
     "name": "stdout",
     "output_type": "stream",
     "text": [
      "R^2 :  0.6905175764205997\n",
      "MAE : 3.4558210072479856\n",
      "RMSE: 5.3731528852484205\n"
     ]
    }
   ],
   "source": [
    "# min value error - error - absolte, discret  - categ\n",
    "from sklearn.metrics import mean_absolute_error,r2_score,mean_squared_error\n",
    "def run_experiment(model):\n",
    "    model.fit(X_train, y_train)\n",
    "    y_pred = model.predict(X_test)\n",
    "    print(\"R^2 : \", r2_score(y_test, y_pred))\n",
    "    print(\"MAE :\", mean_absolute_error(y_test,y_pred))\n",
    "    print(\"RMSE:\", np.sqrt(mean_squared_error(y_test, y_pred)))\n",
    "\n",
    "from sklearn.linear_model import LinearRegression\n",
    "model = LinearRegression()\n",
    "run_experiment(model)\n",
    "\n",
    "# este corect?"
   ]
  },
  {
   "cell_type": "markdown",
   "id": "5e4cf894",
   "metadata": {},
   "source": [
    "- Split the data with the selected columns into 2 sub-sets using the train_test_split function from sklearn."
   ]
  },
  {
   "cell_type": "code",
   "execution_count": 17,
   "id": "84c5614d",
   "metadata": {},
   "outputs": [],
   "source": [
    "X = df_new[['RM', 'PTRATIO', 'LSTAT']] # de adaugat coloane \n",
    "y = df_new['MEDV']"
   ]
  },
  {
   "cell_type": "markdown",
   "id": "ad498b15",
   "metadata": {},
   "source": [
    "- Train a sklearn Linear Regression model on the data with selected columns (train subset)."
   ]
  },
  {
   "cell_type": "code",
   "execution_count": 18,
   "id": "b238fc8f",
   "metadata": {},
   "outputs": [
    {
     "data": {
      "text/plain": [
       "(22.1172730105175, 3.4665169252620185)"
      ]
     },
     "execution_count": 18,
     "metadata": {},
     "output_type": "execute_result"
    }
   ],
   "source": [
    "X_train, X_test, y_train, y_test = train_test_split(X, y, test_size = 0.3)\n",
    "\n",
    "# Create an instance of the LinearRegression class from sklearn. \n",
    "lr = LinearRegression() \n",
    "    \n",
    "# Call the fit function, which applies the Linear Regression model # onto the data. \n",
    "lr.fit(X_train, y_train) \n",
    "    \n",
    "# Define a variable that stores the predictions of our model. \n",
    "y_pred = lr.predict(X_test) \n",
    "    \n",
    "# Print the mean squared error and mean absolute error to get an idea of \n",
    "# how well the model has done. \n",
    "mean_squared_error(y_pred, y_test), mean_absolute_error(y_pred, y_test) \n",
    "\n",
    "# e corect aici?"
   ]
  },
  {
   "cell_type": "markdown",
   "id": "bbbaffbd",
   "metadata": {},
   "source": [
    "- Train a from-scratch implementation of Linear Regression on the train sub-set."
   ]
  },
  {
   "cell_type": "code",
   "execution_count": 19,
   "id": "e458d181",
   "metadata": {},
   "outputs": [
    {
     "name": "stdout",
     "output_type": "stream",
     "text": [
      "20.68817869575898\n",
      "[ 4.40775241 -1.04711809 -0.53902903]\n"
     ]
    }
   ],
   "source": [
    "# SEED = 42\n",
    "X_train, X_test, y_train, y_test = train_test_split(X, y, test_size = 0.3, random_state = 42)\n",
    "\n",
    "regressor = LinearRegression()\n",
    "\n",
    "regressor.fit(X_train, y_train)\n",
    "\n",
    "print(regressor.intercept_)\n",
    "\n",
    "print(regressor.coef_)\n",
    "\n",
    "# care sunt sub seturile pe care trebuie sa fac chestia data"
   ]
  },
  {
   "cell_type": "markdown",
   "id": "0d6b7872",
   "metadata": {},
   "source": [
    "- Test the models on the test sets from the initial set of data, for error metrics use the models score function for the sklearn model."
   ]
  },
  {
   "cell_type": "code",
   "execution_count": 20,
   "id": "e12f8931",
   "metadata": {},
   "outputs": [
    {
     "name": "stdout",
     "output_type": "stream",
     "text": [
      "R^2 :  0.6529769119096893\n",
      "MAE : 3.5931643420930692\n",
      "RMSE: 5.689713368772232\n"
     ]
    }
   ],
   "source": [
    "# min value error - error - absolte, discret  - categ\n",
    "from sklearn.metrics import mean_absolute_error,r2_score,mean_squared_error\n",
    "def run_experiment(model):\n",
    "    model.fit(X_train, y_train)\n",
    "    y_pred = model.predict(X_test)\n",
    "    print(\"R^2 : \", r2_score(y_test, y_pred))\n",
    "    print(\"MAE :\", mean_absolute_error(y_test,y_pred))\n",
    "    print(\"RMSE:\", np.sqrt(mean_squared_error(y_test, y_pred)))\n",
    "\n",
    "from sklearn.linear_model import LinearRegression\n",
    "model = LinearRegression()\n",
    "run_experiment(model)\n",
    "\n",
    "# este corect?"
   ]
  },
  {
   "cell_type": "markdown",
   "id": "bdb06214",
   "metadata": {},
   "source": [
    "- Please try to interpret the results that you are getting by comparing the error of the models that you created."
   ]
  },
  {
   "cell_type": "markdown",
   "id": "5f2bbd1a",
   "metadata": {},
   "source": [
    "### Result on Entire Dataframe\n",
    "\n",
    "__Lineare Regresion:__ (32.192322378935785, 3.499648482184587)\n",
    "\n",
    "\n",
    "__SEED:__ [32.99322336]\n",
    "\n",
    "    [[-1.12990963e-01  4.49594371e-02  5.75447722e-02  1.18099414e+00 -1.72522169e+01  4.27138350e+00 -1.99977624e-02 -1.40633199e+00 2.77671705e-01 -1.68192666e-02 -8.96637094e-01  9.07231436e-03 -3.64600546e-01]]\n",
    "  \n",
    "__Error:__ \n",
    "    \n",
    "    R^2 :  0.6905175764205997\n",
    "    \n",
    "    MAE : 3.4558210072479856\n",
    "    \n",
    "    RMSE: 5.3731528852484205\n",
    "\n",
    "### Result on Target Columns\n",
    "\n",
    "__Lineare Regresion:__ (22.1172730105175, 3.4665169252620185)\n",
    "\n",
    "\n",
    "__SEED:__ 20.68817869575898\n",
    "\n",
    "    [ 4.40775241 -1.04711809 -0.53902903]\n",
    "\n",
    "__Error:__ \n",
    "    \n",
    "    R^2 :  0.6529769119096893\n",
    "    \n",
    "    MAE : 3.5931643420930692\n",
    "    \n",
    "    RMSE: 5.689713368772232\n",
    "\n",
    "### Observation\n",
    "Dacă să luăm și să analizam ambele rezultatele la sigur putem observa diferențe, prima difrență pe care o avet este anume la calcularea linear regresion vedem că pentru întreg data set valorile LR sunt mai mare în comparație cu LR care a fost aplicată numai pe coloanele selectate.\n",
    "\n",
    "Când facem train putem observă că iarăși valorile pentru întreg data set sunt mai mari.\n",
    "\n",
    "Iar dacă să vorbim despre erori, eroare pentru întreg data set este mare mare în comparație cu eroare care este doar pentru coloanele noastre țintă"
   ]
  }
 ],
 "metadata": {
  "kernelspec": {
   "display_name": "Python 3 (ipykernel)",
   "language": "python",
   "name": "python3"
  },
  "language_info": {
   "codemirror_mode": {
    "name": "ipython",
    "version": 3
   },
   "file_extension": ".py",
   "mimetype": "text/x-python",
   "name": "python",
   "nbconvert_exporter": "python",
   "pygments_lexer": "ipython3",
   "version": "3.10.2"
  }
 },
 "nbformat": 4,
 "nbformat_minor": 5
}
